time,total_patches,W_0,W_1,W_2
0.0,100,0.0,0.0,0.0
1.01488935892602,52,0.974319956259065,0.02568004374093507,0.0
1.6204835957747312,43,0.8760492965312143,0.12395070346878588,0.0
2.0112308644799395,40,0.7903184826281011,0.20968151737189877,0.0
5.03415152430165,40,0.24277463025494972,0.757225369745051,0.0
6.009689220689674,35,0.1364808393283585,0.8635191606716417,0.0
10.008486697790046,73,0.03564604008268828,0.9185891968578662,0.04576476305944514
12.473660374607979,159,0.07224124079832958,0.8274953057860792,0.10026345341559027
14.649140421431772,246,0.047696132003547276,0.7977213477519697,0.15458252024448396
16.557132061648097,313,0.022301572717682103,0.7929941510552466,0.18470427622707156
18.265318337924448,434,0.02805246844485374,0.7738810753151666,0.19806645623997912
19.507535919176103,545,0.023704426892194107,0.769876247322583,0.20641932578522157
20.000379647382413,593,0.02168674429670225,0.7680398484941027,0.2102734072091958
20.469714891202237,671,0.020771322639948856,0.7671147528936342,0.21211392446641658
21.134358376792946,916,0.02350088431296742,0.7598943124869133,0.21660480320011502
21.87297489488126,1002,0.02365368731219835,0.7439800943521263,0.23236621833567245
22.47444870968023,1125,0.02122004910748346,0.7344243638652195,0.24435558702729648
23.054246860354027,1207,0.021022674598310514,0.7286360280066226,0.2503412973950616
23.553193384601688,1392,0.020951732077558856,0.7223302586370853,0.256718009285353
23.98653468309928,1481,0.020844065698307154,0.7192152190974757,0.2599407152042228
24.445414265204185,1589,0.020796799721692488,0.7180374162269401,0.26116578405136687
24.806138903195425,1845,0.020080203039711926,0.7151959866347363,0.26472381032555115
25.118805028951034,1978,0.020463339680877383,0.7108039479877564,0.26873271233136775
25.40544064564896,2094,0.020017716475377027,0.7102506859125938,0.26973159761202475
25.680613193629153,2220,0.019580393191556952,0.7081372526826373,0.27228235412580004
25.922482336268967,2340,0.020888200954603954,0.7038387951199199,0.27527300392547854
26.185497459911808,2366,0.02148255522684506,0.703054948215357,0.2754624965577958
26.497483310791935,2472,0.021963583928353247,0.7026140444497256,0.2754223716219201
26.75585633560448,2535,0.019986294112320096,0.7034483274637924,0.27656537842389356
27.03999090058924,2725,0.020022799096778503,0.7015790815565642,0.27839811934666664
27.258738898425392,2967,0.02063851674041685,0.6976375767008273,0.2817239065587501
27.489329101551004,3086,0.02203452663769862,0.6952090426994848,0.28275643066281053
27.704068406276022,3227,0.022054898784009618,0.6949149162675715,0.28303018494840565
27.908027525135132,3327,0.022159044505273406,0.6951977733231164,0.2826431821716056
28.05517894711639,3514,0.021381338682306572,0.693745712526082,0.28487294879161645
28.241785252502897,3654,0.02205372589192873,0.6924542335011671,0.28549204060691435
28.386613529192914,3775,0.022617085983140325,0.6915030218667262,0.28587989215013987
28.528320070167943,3950,0.02267749092412729,0.6900790726453322,0.28724343643054423
28.669974176030646,4122,0.02208385595987765,0.6904755345611965,0.2874406094789297
28.823166011866704,4289,0.02164850753417094,0.6901364499368206,0.28821504252901226
28.96363569515018,4399,0.022226963880031498,0.6892667889662977,0.28850624715367645
29.113854032476375,4487,0.023086470779406523,0.6881641908424099,0.2887493383781838
29.245877562102795,4591,0.023504952925404228,0.6875867929821313,0.2889082540924658
29.373371492867744,4718,0.023462682826295864,0.6870626306458413,0.2894746865278556
29.501946005091646,4808,0.02426449624067102,0.6857162127849501,0.290019290974369
29.630899496537126,4832,0.023667561096758206,0.6867063878579377,0.2896260510453067
29.737486046769206,5070,0.022976247690445442,0.6851816477552827,0.2918421045542755
29.84587714047769,5152,0.02245543182634809,0.6858606941329047,0.2916838740407468
29.970892821876127,5230,0.022631332174244245,0.6854744298548746,0.29189423797087977
30.099989461361364,5288,0.022038989694342977,0.6863555523560935,0.2916054579495596
30.230462475835218,5391,0.021983490436130883,0.6866537363461,0.29136277321777077
30.371870617231878,5594,0.022237547227051877,0.6859455224181267,0.2918169303548188
30.471618040378534,5751,0.02161426600243236,0.6859716784864898,0.29241405551109195
30.57920891399528,5884,0.021615025970982894,0.6859742694692013,0.2924107045598234
30.68145546026379,6139,0.02152072387624423,0.6858746170434259,0.29260465908033406
30.77874161018846,6309,0.02170149419331563,0.6855327912047191,0.29276571460198264
30.867679538886772,6412,0.022058566044245127,0.684808027570861,0.29313340638491114
30.957249122482303,6566,0.021919595499654398,0.6848603697656717,0.29322003473467784
31.06181238972632,6619,0.022568588499948708,0.6849556901334898,0.2924757213665471
31.146813764794626,6757,0.02209781653114764,0.6847251463111744,0.2931770371577069
31.230664525927335,6836,0.022330562256183847,0.6848073557575214,0.29286208198628694
31.316162994289957,6939,0.022030675754308032,0.6848643631272482,0.29310496111843376
31.412892719452074,7064,0.021703139330567355,0.684839060312936,0.29345780035651026
31.50464993601119,7316,0.02204022532550631,0.6835601759505875,0.29439959872388327
31.585601070092423,7432,0.021990153094235357,0.6832914702635672,0.2947183766421755
31.666502483476258,7613,0.021724468971612072,0.6834883242495602,0.2947872067788328
31.744272034821954,7733,0.02168253129906261,0.6838169765023706,0.29450049219857555
31.827473444253492,7860,0.021571750803169473,0.6837640799026227,0.294664169294195
31.90553928583491,7928,0.02198551375277665,0.6834850155528981,0.29452947069433066
31.99150177322031,8060,0.022650002079335107,0.6833061776826782,0.294043820237968
32.052711830443464,8189,0.02281180220353215,0.6828071286536302,0.29438106914283446
32.116677182047866,8381,0.022329702193760008,0.6831293973645817,0.29454090044167286
32.18066125052613,8513,0.022042882842045027,0.6829170920722115,0.2950400250857464
32.251293367549714,8673,0.022716486277022198,0.6818727306181092,0.2954107831048615
32.31511116846571,8752,0.022437558098464202,0.6820792547785831,0.29548318712295396
32.38114429419999,8846,0.022480241753498647,0.68198796331394,0.29553179493256454
32.44760910285102,8950,0.022497177992445525,0.6817395100766297,0.29576331193092475
32.51294356272923,9068,0.022493201600728596,0.6815508665319391,0.2959559318673445
32.57400039797927,9116,0.022427911142719113,0.6815082573846188,0.2960638314726673
32.65544556059168,9153,0.02253045469669345,0.6821725131187109,0.29529703218458
32.73100185720713,9392,0.022791952801463348,0.6826738432844934,0.294534203914052
32.798583082155695,9508,0.022856927150819915,0.6824051056852215,0.294737967163957
32.8636269654034,9597,0.022984804622220363,0.6821760361367963,0.2948391592409742
32.93386917029161,9676,0.02300664536836388,0.6822710491366245,0.2947223054950109
32.99877996213738,9750,0.022659945933428696,0.6826513587036185,0.2946886953629532
33.06156645369705,9909,0.0225252141921046,0.682196011042618,0.2952787747652692
33.126130342797275,10057,0.022515801584529194,0.6819667620232295,0.29551743639224276
33.183245296092274,10153,0.02201863699240219,0.6826802911825257,0.29530107182506854
33.25084562112012,10287,0.02196247808459096,0.6826022411544138,0.2954352807610028
33.30603541244067,10470,0.021848574604433874,0.6819969649938727,0.296154460401693
33.36208987576591,10611,0.02174683808739024,0.6819969162811544,0.29625624563145536
33.414062647893594,10774,0.021861264712013537,0.682164208517884,0.2959745267700983
33.4748447692401,10821,0.021821150008611106,0.6824310707946316,0.2957477791967335
33.54120006091947,11111,0.02196031749902806,0.6816755764444076,0.2963641060565721
33.58550428255819,11241,0.021758073792843526,0.6817515759569028,0.2964903502502381
33.64174573850449,11355,0.02214858531807175,0.6813596006989734,0.29649181398294044
33.69708775359219,11504,0.022351259134471415,0.680858365008742,0.2967903758567893
33.74974490660794,11613,0.02226667666290024,0.6807457463926875,0.29698757694441164
33.79647778248583,11738,0.02195543920383641,0.6808019089643678,0.2972426518317904
33.84825241837151,11910,0.021966951400023322,0.6808418160417846,0.2971912325582032
33.89779974159409,12014,0.022138481776805177,0.6805622528964094,0.2972992653268142
33.95345050977093,12075,0.022191857340246913,0.6806606735251161,0.29714746913463047
34.00776028170678,12180,0.02231210721909754,0.6805995742622978,0.29708831851859546
34.055656640174995,12299,0.022233752864081573,0.6804644255572881,0.2973018215786228
34.10144311659182,12399,0.022119831277209026,0.6803380698958573,0.2975420988269394
34.147658744529366,12587,0.02208695586682866,0.6801079954629814,0.2978050486702106
34.20141069647111,12812,0.022008385817383614,0.6804295614456775,0.29756205273694153
34.249304791869115,12977,0.02229189742062495,0.680020850806651,0.29768725177272054
34.308718605400635,13135,0.022301697165346995,0.6799628733989422,0.2977354294357025
34.357727065642656,13336,0.022229658676697066,0.6801765723359375,0.29759376898735834
34.402442233468676,13572,0.0225003684546097,0.6793438351035531,0.2981557964418241
34.4463980623778,13657,0.02236667810131419,0.6792826744537199,0.29835064744498213
34.500445374932674,13729,0.02240733425410988,0.6794281149797944,0.29816455076609966
34.54743305569202,13801,0.022638264813767715,0.6790997862511802,0.2982619489350576
34.588861012731044,13941,0.022690700089360877,0.6787928335469925,0.2985164663636667
34.62969835986951,14043,0.022509832300945432,0.6789553365566036,0.29853483114243856
34.67318765792032,14152,0.022721196447772783,0.6786427425586062,0.29863606099362927
34.71539002507405,14290,0.022390856886966928,0.6786886749567023,0.2989204681563128
34.76363524316457,14420,0.02218558908899754,0.6788174744461445,0.2989969364648653
34.8069946468054,14659,0.02214511803320838,0.6786657827801698,0.2991890991866127
34.85783868593771,14754,0.02231878715510235,0.678676243278882,0.29900496956602296
34.90019369876834,14847,0.02194447267988971,0.6790597714600057,0.2989957558601221
34.94368375645544,14931,0.021796023588015533,0.6793428479774002,0.29886112843458695
34.982757033222676,15041,0.021645389059647645,0.6792156744206524,0.2991389365196968
35.01737019176281,15114,0.02151855009765088,0.6792414825459003,0.2992399673564329
35.07618378367693,15221,0.02190889584494366,0.6791930786668272,0.29889802548824923
35.115387714012236,15366,0.02193582610477078,0.678948127064831,0.2991160468303947
35.15261123480954,15406,0.021743018665727188,0.6791623712376502,0.29909461009661437
35.19403358491457,15609,0.02182835955224028,0.6792066486234521,0.2989649918243226
35.23594001900844,15708,0.021612931971527166,0.6791356024935792,0.2992514655348924
35.27693018523199,15784,0.021511977550632812,0.6791462967721075,0.2993417256772774
35.31524904233647,15901,0.02160128305401288,0.6788257721337455,0.2995729448122465
35.355276571314015,16058,0.021559200759221995,0.6788481456434846,0.299592653597285
35.39591212598339,16110,0.021503896116784743,0.6790612677952577,0.2994348360879534
35.43558208576073,16227,0.02151942524884067,0.6790429033705906,0.2994376713805844
35.476624305284375,16363,0.021648185657311435,0.6786866037907603,0.2996652105519272
35.51685272456892,16470,0.02129756102133852,0.6790308971691087,0.2996715418095598
35.55459083915179,16582,0.02107226131522032,0.679157253354209,0.29977048533057055
35.59288167998559,16714,0.021102955484316448,0.6791798193993168,0.29971722511636834
35.63182268683092,16783,0.02102806486143664,0.6792504596719239,0.2997214754666486
35.670768158912914,16893,0.02089472980834454,0.6795223565657557,0.2995829136259028
35.70868856703239,17047,0.020927911483675513,0.6795554962623293,0.2995165922539862
35.742800100850424,17201,0.020811541120930834,0.6795870864376945,0.2996013724413741
35.78700131618325,17296,0.021022147066556227,0.6792589583188893,0.2997188946145553
35.828717211814904,17391,0.021006287541578596,0.6792252160848612,0.29976849637356745
35.86088781656572,17478,0.02069035298283903,0.6794318582738761,0.2998777887432801
35.89949405138386,17657,0.02087299048052645,0.6788922883973008,0.3002347211221611
35.93050957397591,17773,0.02060650308620512,0.6790608795572997,0.30033261735649414
35.96375602435762,17853,0.020441107909033033,0.679046648078613,0.30051224401236304
36.00358801570623,18046,0.020592275130533556,0.6785919695621405,0.3008157553073243
36.03884673878228,18225,0.02044702503457553,0.6784827274585128,0.3010702475069208
36.06740236192928,18386,0.020280729447756687,0.6784999637329379,0.30121930681932124
36.10115157523481,18481,0.02027543430490744,0.6783657220914575,0.3013588436036336
36.14017774622952,18630,0.020502028406946125,0.6781890316380255,0.30130893995501706
36.17548925326451,18675,0.02052733961701316,0.6782294867957063,0.3012431735872707
36.21220910230495,18758,0.020523779673829994,0.6782835702061081,0.3011926501200635
36.24665281063375,18952,0.020618521421171335,0.6781830157929313,0.30119846278589135
36.2759462298313,19041,0.020387223293787466,0.6782806238085766,0.30133215289763715
36.31285784220378,19376,0.02053595165402423,0.6785471647803671,0.300916883565606
36.3480424206781,19452,0.020676832398974013,0.6784400324397379,0.3008831351612938
36.38124945630019,19579,0.020799888265192565,0.6782728593460909,0.300927252388735
36.41488847576451,19754,0.020866643891224917,0.6778292524140632,0.3013041036947167
36.45233561078272,19992,0.02098931244124966,0.6772653984881193,0.30174528907063886
36.481069744235505,20176,0.02103780734659926,0.6770324930503436,0.30192969960305716
36.50985473992155,20331,0.020841897018207812,0.6771090497741,0.3020490532076995
36.54164035031104,20468,0.020933831930211033,0.6768225681336758,0.3022435999361211
36.57351379797987,20587,0.021005417284170654,0.6766307278910888,0.3023638548247478
36.602382572886206,20754,0.0210489888809495,0.6763305327317127,0.30262047838731143
36.632935564681816,20903,0.021229664336014756,0.6759082897541077,0.30286204590989024
36.6650236670055,20970,0.02125921929574013,0.6759107615381033,0.30283001916611774
36.68967162789975,21091,0.02086057222865623,0.6759300384011756,0.3032093893701902
36.71921728112711,21294,0.020677671139234525,0.6761702572800651,0.3031520715807121
36.751596184302734,21505,0.02076374098553723,0.6758484458996799,0.30338781311479146
36.78235563354744,21565,0.02081283205513766,0.6758097579970668,0.3033774099478369
36.80946230296884,21809,0.020762553466481964,0.6759382289169782,0.3032992176165461
36.82902167892557,22016,0.02074145502172832,0.675631010929404,0.30362753404885573
36.857818487245204,22057,0.02081344995290371,0.6756628079066078,0.303523742140494
36.887309059697024,22183,0.020807549274823856,0.6754954088245656,0.303697041900603
36.91592248180457,22232,0.02080455970548679,0.6755282826907835,0.3036671576037368
36.94169199781816,22384,0.020745362788466816,0.6755237097518851,0.30373092745965263
36.970052925847256,22505,0.02072846355340715,0.6753953539246097,0.30387618252197907
37.00274111214163,22595,0.02079559325578591,0.6752840730508,0.3039203336934193
37.028562321681605,22713,0.02076942548322584,0.675170230546348,0.3040603439704151
37.05679617144196,22982,0.020755232557909457,0.6752686778695142,0.3039760895725473
37.08413203869893,23175,0.020883583478366826,0.674853860304061,0.30426255621754406
37.11521759518117,23307,0.020912209298239136,0.6746291599911307,0.3044586307106094
37.141446281706386,23538,0.021080372548286513,0.6740498227862299,0.30486980466546176
37.166149959911564,23723,0.021111640691096462,0.6736518951878204,0.305236464121115
37.18931055473547,23799,0.021213299612884103,0.6734451957933759,0.3053415045937322
37.212894976800705,23862,0.020948555202323457,0.6736996540074836,0.30535179079019587
37.24071849522395,23910,0.020870826167451405,0.6737492428484072,0.30537993098414395
37.26800360950924,24067,0.021014542457753388,0.6735035264503463,0.30548193109192623
37.29813646776437,24183,0.021007054005608164,0.6736461143261817,0.30534683166819787
37.324880507598095,24354,0.021077438084528926,0.6735095628608125,0.3054129990546976
37.35323304081087,24456,0.02126293128727435,0.673334799690319,0.30540226902241385
37.37938228395087,24631,0.0212200766469195,0.673164168689786,0.30561575466327284
37.40370920666126,24797,0.021172975845033564,0.6730339146966685,0.305793109458298
37.43625162279621,24907,0.021312016761215,0.6729201778564263,0.3057678053823689
37.45935683128792,24999,0.021325121434545243,0.6728697377216607,0.30580514084377725
37.48431683323125,25154,0.021274309780220824,0.6730134890891291,0.30571220113063513
37.512788332926036,25374,0.02140262221514172,0.6727234325786089,0.30587394520622335
37.53804670650367,25516,0.021330224900399333,0.6726939710356061,0.30597580406401
37.57017988097403,25603,0.021397548182723887,0.6725880288165318,0.30601442300078974
37.59717646741906,25746,0.021511764416989952,0.6724683679821918,0.30601986760080974
37.62217500238273,25884,0.0215962674938092,0.6722064252003941,0.30619730730582684
37.648561684438846,25963,0.02146285446953788,0.6724247808642942,0.306112364666175
37.67332699754636,26100,0.021341259480147434,0.6724413955131747,0.30621734500669334
37.70326662695162,26175,0.021351426296045042,0.6724105867247991,0.3062379869791175
37.72577672207263,26383,0.02120643778105783,0.6725736748633178,0.3062198873555969
37.74742059904155,26471,0.021268977627314754,0.6723520866792295,0.30637893569347785
37.77123002239148,26658,0.021267863637617842,0.6724375476959411,0.30629458866648107
37.79893820128871,26795,0.02125444670141264,0.6722611932187874,0.3064843600798222
37.822353765009574,26902,0.02122501531407869,0.6721306156396358,0.30664436904626136
37.84409808002264,27024,0.021263471029419126,0.6719004283487162,0.30683610062183597
37.870956295768195,27131,0.021210148674767254,0.671872683468905,0.30691716785630807
37.89667545706028,27347,0.021306258408018624,0.6716287200913602,0.30706502150059256
37.92297138415073,27508,0.021443770275238052,0.6715006271830121,0.3070556025417214
37.94972627123583,27646,0.021560045135965586,0.6712364553652607,0.30720349949880965
37.972359210275144,27686,0.02152128106479141,0.6712290244580243,0.30724969447717754
37.99346640881999,27774,0.021553353669906718,0.6710982924568613,0.30734835387326154
38.01697515930304,27977,0.021360826821193415,0.6714662415846462,0.30717293159418046
38.04462437686019,28059,0.021327152661768656,0.6716746258175453,0.3069982215206924
38.06777200168785,28144,0.021209340530980263,0.6715948584337763,0.3071958010352363
38.09034514041242,28294,0.021224441905286596,0.67152967532473,0.3072458827700043
38.11471635430763,28408,0.021128383661499002,0.6714591460047253,0.30741247033376223
38.13917837783225,28532,0.02107281063923508,0.6713970031413904,0.30753018621938333
38.16168805052301,28650,0.021018797670814864,0.6712571710009224,0.30772403132825094
38.18373415848297,28811,0.02093999941025512,0.6712447190289917,0.30781528156075055
38.209283617954476,28928,0.020908889286984804,0.6711555058032251,0.30793560490978483
38.22856958293629,29078,0.020964339981224597,0.6709206851926376,0.3081149748261259
38.25219007884281,29163,0.020949084887914624,0.6707647992769583,0.30828611583510723
38.271796060021764,29309,0.020862450059254082,0.6707019513841169,0.30843559855664415
38.29527776262113,29441,0.02077868896437582,0.6706165373591493,0.3086047736764598
38.31920081726529,29616,0.02077968503922714,0.6704813779312533,0.3087389370295018
38.343341262003435,29731,0.02092720816047025,0.6703609530592464,0.3087118387803036
38.36554128406522,29839,0.020922010876730224,0.6701915157227109,0.30888647340055875
38.39383412395702,29896,0.020954134008890363,0.6702463489091834,0.30879951708191056
38.41701090398985,30047,0.020985338514823725,0.6700974823551902,0.3089171791299916
38.437298830664055,30211,0.02080966501962639,0.6699999762401783,0.3091903587401983
38.45934977448616,30317,0.020773967410222277,0.6699565044905886,0.3092695280991997
38.48126637612081,30516,0.020859251849698075,0.669910701813827,0.30923004633647844
38.50498364401697,30630,0.020875197178114358,0.6698352570555934,0.3092895457662751
38.52597649255847,30789,0.02091207856668028,0.6697134020879529,0.3093745193453517
38.54606632898802,30922,0.020969894431868526,0.6694983624086014,0.30953174315951393
38.564543560557254,30974,0.020805110802161048,0.6695534178996203,0.30964147129820135
38.58206351210608,31117,0.020767249837267063,0.6692893835409146,0.3099433666217971
38.602397171055024,31243,0.020766672485403703,0.6692491375359906,0.30998418997858995
38.62266930071062,31411,0.020778886519647106,0.6690794005594574,0.310141712920893
38.64108814824813,31536,0.0206477236936046,0.6690655322624952,0.31028674404389667
38.66196972532817,31722,0.02055745285174119,0.668920082756375,0.3105224643918795
38.6863193456118,31816,0.020615968334975813,0.668840156277867,0.31054387538715605
38.70615735451442,32091,0.02061768213027844,0.6685211647480047,0.31086115312172086
38.724813048491136,32309,0.020601090119909512,0.6685266836086822,0.31087222627142796
38.74279748456744,32422,0.020579453381937216,0.6683868289829956,0.31103371763505056
38.76616943778911,32463,0.020548037777185422,0.6685881923911046,0.31086376983169095
38.79142243120275,32581,0.020726667261639332,0.6684141026579429,0.3108592300804226
38.809673543518144,32694,0.020670926669751982,0.6683611154983812,0.31096795783187314
38.83014263093032,32868,0.020689283356521388,0.668437456359074,0.3108732602844152
38.85304858248945,33064,0.020850822108486107,0.6683859162276166,0.31076326166389434
38.87126966152623,33209,0.020794795577057795,0.6683869843073181,0.3108182201156145
38.89156366005287,33302,0.02081808766769739,0.6682880526208532,0.31089385971144035
38.91019416720192,33439,0.02077266346826554,0.6681865498535872,0.31104078667813956
38.932131312807996,33517,0.020762955210955773,0.6682260016565763,0.31101104313246714
38.951860270860024,33626,0.020643397289136355,0.6683474509020397,0.3110091518088157
38.97194682370933,33728,0.020652525133905045,0.6682040371238279,0.311143437742277
38.98937131967543,33778,0.02053183887452918,0.6682977433240356,0.31117041780142524
39.00849849843101,33949,0.020429280290580953,0.6682404762329933,0.3113302434764245
39.03270767017171,34084,0.020551714908153607,0.6680712910157177,0.3113769940761357
39.05099601385833,34232,0.020462523016045613,0.6679781546089109,0.3115593223750307
39.066896375817834,34356,0.020404657484976857,0.6679246639005539,0.31167067861447245
39.087706599658716,34463,0.020407899734864652,0.6679167386565912,0.3116753616085687
39.10658742672976,34618,0.02038495792798302,0.6680616319235384,0.31155341014848004
39.12899354892978,34734,0.020410656015011467,0.6680061457476247,0.31158319823736635
39.147420728300084,34837,0.020394994939633523,0.6680673227227919,0.31153768233759005
39.167035806205845,34942,0.020410522671365686,0.6679868236633927,0.3116026536652339
39.1883909570858,35094,0.02039556656896886,0.6679023687690353,0.31170206466199607
39.20818260816231,35242,0.020440896627743742,0.6677246423812105,0.31183446099104595
39.22712895432787,35366,0.020424378222492975,0.6676508014380026,0.31192482033948843
39.245975726445806,35518,0.02047118787132757,0.6674518592357482,0.3120769528929048
39.26316368348652,35626,0.020455961633055145,0.6673486187489373,0.31219541961798725
39.279504901219205,35802,0.020446660490241544,0.6671439402864531,0.31240939922332017
39.29708051810052,35921,0.020489759430580453,0.6670049106396418,0.31250532992977015
39.31322878315497,36030,0.020417114123299107,0.6669320261720753,0.3126508597046315
39.33124675361455,36192,0.02041895559422433,0.66677491157433,0.31280613283145886
39.3492981889301,36378,0.020429062489989682,0.6666997229682181,0.3128712145417745
39.36806158179781,36532,0.020399405799235135,0.666669910240939,0.31293068395982304
39.386077788794054,36617,0.020375548159439386,0.6667035434383257,0.312920908402228
39.40374288867047,36743,0.020466240553581518,0.6665180367616298,0.31301572268477756
39.42119764348455,36785,0.0204798373325631,0.6665393628075329,0.31298079985989774
39.43896996994583,36896,0.020466714910674623,0.6665134038341749,0.3130198812551592
39.453544346585,37072,0.020441625257688164,0.6664188160343423,0.31313955870798293
39.47080411180507,37329,0.020528058254948377,0.6661632422474096,0.3133086994976291
39.48691096154618,37502,0.02052811315050724,0.6659977060289604,0.31347418082053746
39.50520906795591,37584,0.020524676794228865,0.6659868695131406,0.31348845369262096
39.52500970996167,37690,0.02065052651298172,0.6658628370268361,0.31348663646020425
39.54151826307532,37895,0.020602989889191056,0.6657438772948765,0.3136531328159482
39.557303052866956,37985,0.020514961409643033,0.6657685644723048,0.3137164741180517
39.57338315978746,38203,0.02052515679944978,0.6655366629108196,0.3139381802897467
39.590098372718245,38357,0.020572881552418817,0.6653748316095617,0.3140522868380221
39.60883799012253,38474,0.020684077811200817,0.6651917805915208,0.31412414159727564
39.62813358981738,38600,0.020702605056193594,0.6651524530611204,0.31414494188270126
39.64656672011196,38705,0.020806196140763834,0.6650084393762717,0.3141853644829472
39.66304890490879,38866,0.020891594830259857,0.6648864067051667,0.3142219984645751
39.67934988664261,38910,0.02084387084554448,0.6649834730555039,0.31417265609893397
39.69484297249332,39007,0.020800945054402855,0.6649681270604619,0.31423092788513707
39.70863788928361,39132,0.02069222674211852,0.6649989800560979,0.31430879320179195
39.72564836825176,39334,0.020697096050798548,0.6649242402694467,0.31437866367974154
39.74175595925859,39446,0.020726743671265542,0.6648511707618951,0.3144220855668548
39.7593274698227,39617,0.02088248616210754,0.6647913976736045,0.3143261161643105
39.7741718033566,39780,0.02086707742318405,0.664714460991945,0.314418461584891
39.79042650199395,39872,0.02086688801327482,0.6646728073766138,0.31446030461009344
39.80567332732903,39937,0.02079954568004293,0.6647233432679797,0.3144771110520129
39.82350914142129,40063,0.020807666823808094,0.6647301046001816,0.3144622285760257
39.83869040091526,40206,0.020711225744129383,0.6647156035931909,0.3145731706627045
39.85162061402413,40344,0.02053674465038628,0.6647081902569505,0.3147550650926331
39.8683344046693,40413,0.02059608284352597,0.6646502231214368,0.31475369403503123
39.886841944365294,40525,0.020589938242253088,0.6646807605421897,0.31472930121558507
39.903298064902195,40656,0.02059991244095194,0.6645771189245729,0.3148229686344757
39.91757878198353,40786,0.02057691989954449,0.6644749696579211,0.3149481104425339
39.932376678028625,40858,0.02061276680512658,0.664386511858466,0.3150007213363778
39.944797913197455,41039,0.020550528694033836,0.6643093269647523,0.3151401443412207
39.959366503659126,41178,0.020573892556343204,0.6641869417473072,0.31523916569639304
39.977945050637885,41329,0.02076885203352768,0.6639919147873303,0.31523923317915437
39.99451856750951,41530,0.02086980870873434,0.6639187333498637,0.3152114579414377
40.00852378633719,41669,0.020857187777712095,0.6639102633896927,0.31523254883258406
40.02384684098361,41738,0.020862782753236796,0.6638826076835119,0.3152546095632584
40.03803904936987,41883,0.0208781607208775,0.6638073028279378,0.3153145364511669
40.05209377821654,42015,0.020916470440722125,0.6636263465088557,0.3154571830504224
40.067196230571014,42239,0.020909316303792808,0.6635518170208634,0.3155388666753839
40.08155096097022,42414,0.02088930556148672,0.6635282480443271,0.3155824463941304
40.094369517604584,42525,0.020823061318301847,0.6634887550149584,0.31568818366677837
40.10998237204618,42623,0.020807761689272463,0.6636216262623773,0.3155706120482962
40.125038155959615,42752,0.0208994326773168,0.6635632222581489,0.31553734506456455
40.13950265510724,42842,0.02091967026917199,0.6635632732426888,0.31551705648815176
40.151879591585455,42938,0.020896803431768855,0.6635085652838841,0.3155946312843163
40.16493000512552,43007,0.020799764761285637,0.6635974450845042,0.3156027901542298
40.182817193849964,43195,0.020915003404330283,0.6635952806758433,0.31548971591984837
40.20261862483574,43375,0.020995611574341995,0.6635231979768471,0.31548119044883816
40.216317840925704,43590,0.021082815460235074,0.6633121192996227,0.31560506524011517
40.23116076253012,43692,0.02106288695525419,0.6633382149452218,0.31559889809947217
40.2475603174344,43770,0.021145599385205903,0.6632513396416904,0.3156030609730845
40.261989723741,43849,0.021094668457022837,0.6632652227214457,0.3156401088215508
40.27552649656357,44148,0.021159283106106055,0.6630661380422328,0.3157745788516515
40.289012714580956,44261,0.02113735561760293,0.6630114996543703,0.31585114472802583
40.302356910908586,44438,0.02113320067700909,0.6629605962520629,0.3159062030708884
40.31716497172976,44619,0.021126159656639193,0.6629408616839804,0.3159329786593674
40.33261666485449,44822,0.02122737220143615,0.6631077562333063,0.31566487156526835
40.344045641165444,44901,0.021239642404636133,0.6631118705488162,0.3156484870465426
40.35820834945355,45022,0.021164124615924082,0.663176123462797,0.31565975192126
40.3724926335237,45147,0.021185267575821638,0.6631005912827903,0.3157141411414436
40.38660308390372,45305,0.021072563650332155,0.6630940022260078,0.3158334341236732
40.40128843934068,45581,0.021116008252836594,0.662931743143958,0.3159522486032073
40.41971359528876,45738,0.021127031574734275,0.6631407311421527,0.31573223728308103
40.4317614802427,45864,0.021187890161590034,0.663017871754572,0.3157942380838141
40.444613368535705,45944,0.021089841962560772,0.663129418144951,0.3157807398925045
40.456385145158876,46152,0.02103010529335827,0.662950778101018,0.31601911660561594
40.47006750894033,46267,0.021025068976333775,0.6628663349275002,0.3161085960961405
40.484101395743544,46449,0.02106838464538262,0.6627308994267035,0.31620071592791843
40.49758935011691,46583,0.021062194612419954,0.6626893757293227,0.3162484296582465
40.50841533376991,46741,0.020894531142182746,0.6626747468516624,0.3164307220061147
40.522475548448476,46894,0.020916099948312266,0.6626021200230843,0.316481780028642
40.53743975161929,47089,0.020797925597932358,0.6626894165361629,0.3165126578658928
40.549268886072475,47217,0.020719485437334408,0.6626898790246429,0.3165906355380032
40.56408675480388,47391,0.020630870144462684,0.6627342771194767,0.31663485273610326
40.576830667512894,47553,0.020659645853925233,0.6626240063035773,0.31671634784250363
40.58867471016316,47669,0.020706481405897682,0.6624653510571763,0.3168281675368973
40.60133450364311,47743,0.020633331460456067,0.6625054366667348,0.3168612318728355
40.61304095252377,47907,0.02061343279582394,0.6623765164258465,0.31701005077830446
40.62405388324524,48045,0.02058066586891951,0.6622484706434123,0.3171708634876778
40.63735769558308,48194,0.020600139887375735,0.6621360404441872,0.31726381966839234
40.65195579697649,48286,0.020636870380801975,0.6621574357281694,0.31720569389101744
40.66391434827444,48420,0.0206265435915672,0.6621403501110591,0.3172331062973878
40.677237289107076,48551,0.020560732766167253,0.6622101289795698,0.31722913825429544
40.69016616174747,48669,0.020550955668787434,0.6621825869966441,0.31726645733453146
40.70333628206936,48824,0.020604248269196004,0.6621952068113994,0.3172005449194201
40.71583767103337,48945,0.020658856433998715,0.6620780929332121,0.3172630506327814
40.72921311389907,49143,0.020723143833166424,0.6620831742815799,0.31719368188521535
40.74181012449608,49390,0.020806439533452004,0.6619902590998636,0.31720330136669017
40.75683604781119,49551,0.020771116613833993,0.6620692670538296,0.31715961633232265
40.77060759888731,49658,0.020818033023823315,0.6620299139814918,0.31715205299467425
40.78470244392888,49898,0.020858268178492508,0.6621737558322857,0.31696797598920257
40.797651154205795,50043,0.020909547034827978,0.6620533045678018,0.3170371483973647
40.81187470822904,50168,0.020896330116159614,0.6620322480460507,0.31707142183779935
40.82602236597576,50352,0.02088552856024658,0.6620375218974136,0.31707694954236865
40.83939590344743,50447,0.020866999667408504,0.66204324284348,0.31708975748910745
40.85482374566923,50583,0.020851175340722464,0.6620318102836145,0.3171170143757078
40.868626027368784,50758,0.020904015539757088,0.6618769369028645,0.31721904755742486
40.88139099591048,50912,0.020884314328731994,0.6618646797583021,0.3172510059129542
40.89454753602838,51003,0.02090808962946322,0.6618770778173171,0.31721483255320404
40.90856863565763,51086,0.020922279828986593,0.6619104670882815,0.3171672530826803
40.919682514714545,51186,0.020891915280593358,0.6619278064787107,0.31718027824067874
40.93246042476296,51254,0.020874698751858906,0.6619970499012624,0.31712825134690625
40.9463036566097,51423,0.02089447026891703,0.6619152744670638,0.31719025526401085
40.96009111273092,51520,0.020888167986857904,0.6619231236699403,0.317188708343249
40.971408069588946,51675,0.020798799191307536,0.662013761531891,0.31718743927676724
40.98505485602803,51803,0.020865266544643785,0.6620829936459713,0.31705173980936263
40.99765739889578,52022,0.020829152675858914,0.6620656389123277,0.31710520841187095
41.00765830327388,52106,0.02078168717399092,0.6620268831564201,0.31719142966960184
41.02213064594976,52242,0.020779863083748473,0.6620796846915115,0.3171404522247057
41.03132598675332,52437,0.020779105181454847,0.662068913129735,0.31715198168886555
41.044064710676494,52559,0.020794816122016085,0.6620246542577175,0.31718052962027454
41.05746689854102,52670,0.020836444925910372,0.6619963533834257,0.3171672016906393
41.06952748732599,52844,0.020805036885570595,0.6619910562371616,0.3172039068773135
41.080751077410845,53035,0.020866703275820415,0.6618828016415005,0.3172504950826783
41.092383004697,53135,0.020829039256210165,0.6618465506032931,0.31732441014052837
41.104335066600555,53322,0.020832897479728246,0.6617036993124863,0.31746340320781036
41.11672036689086,53415,0.020820297765277305,0.661781469983765,0.31739823225089436
41.12917160316668,53538,0.02082226056873041,0.661710329223996,0.31746741020725106
41.14162884337885,53613,0.020810437448127717,0.6617824153937357,0.31740714715816537
41.15319209888378,53724,0.020839024060168736,0.661713084501176,0.31744789143863866
41.167043018691786,53878,0.020853658421543773,0.6616213010148104,0.3175250405636042
41.17979267189872,53980,0.020866755655684608,0.6616499295890602,0.31748331475532493
41.19134024621532,54051,0.020854249339216382,0.6616426435682776,0.31750310709250235
41.20394882122707,54148,0.020869968576758078,0.6615998133053878,0.31753021811787346
41.21546153017543,54252,0.02083314227637944,0.6616071834093302,0.31755967431434196
41.226356305909555,54367,0.020833365480593648,0.6615190296122858,0.31764760490714344
41.236364541548625,54544,0.02077778503524146,0.6615628102083475,0.3176594047564056
41.24967882324338,54638,0.020811035664450063,0.6615475356877233,0.3176414286477975
41.26068227603166,54766,0.020751334478858942,0.6615886959383874,0.31765996958271814
41.271244099916,54908,0.020764503227054084,0.6614498450089693,0.31778565176400947
41.28449724872425,54996,0.020832168377776673,0.6613788556664049,0.31778897595577366
41.295621561767085,55061,0.02082485319307452,0.6613792086070162,0.31779593819990526
41.308536149548836,55196,0.02082440753858858,0.6613508859715101,0.31782470648984507
41.32141223424709,55333,0.020789047314394262,0.6614756573591221,0.3177352953265063
41.33339143209605,55527,0.020776733495086835,0.6613297673240232,0.31789349918093324
41.34485186110228,55663,0.020831395501658235,0.661289273699612,0.3178793307987856
41.35568996261236,55747,0.020820657149098448,0.6612548825808188,0.3179244602700574
41.36635757572859,55850,0.02079262221932668,0.661252910305602,0.3179544674751198
41.377381082326224,55904,0.020780153077333687,0.6612737725517557,0.31794607437090167
41.38717979357668,55962,0.02076672972901539,0.6612701843392332,0.31796308593172323
41.39987562113837,56182,0.02080532759381876,0.6611290883644062,0.3180655840417734
41.4125942065466,56392,0.02088115331593657,0.661111160158538,0.31800768652552613
41.42438527636133,56494,0.020871443896457145,0.6610964503281602,0.31803210577539515
41.436933344806015,56643,0.02093123002794074,0.6610466926645673,0.3180220773074761
41.4497697942719,56824,0.02090551933852574,0.6611527440602939,0.31794173660118347
41.46258530761244,56941,0.020884825588683147,0.6611606477608291,0.31795452665045765
41.473838706584665,57087,0.020937298640798963,0.6610500526888782,0.31801264867037615
41.48455708834315,57232,0.020949205834212635,0.6609469023735133,0.31810389179228626
41.49646787889802,57364,0.021008631618268988,0.66085203119527,0.3181393371864612
41.50661439980939,57523,0.020998205874079006,0.660811933297133,0.3181898608288353
41.51823986078417,57662,0.02102707573427719,0.6607291280540489,0.3182437962116433
41.52960121538553,57876,0.021064351833365934,0.6606259948983825,0.3183096532682602
41.54074064369126,57951,0.02105105873784536,0.6606133892659323,0.31833555199628627
41.55071968137492,58113,0.021028633553586803,0.6606474990809975,0.31832386736543417
41.56304533293543,58242,0.021067553569926928,0.660607125913813,0.31832532051628387
41.574277056378136,58368,0.02101463569028018,0.6606385107555126,0.31834685355424724
41.58513700381904,58487,0.0210492248475671,0.6605241799155869,0.31842659523679523
41.596891119147784,58707,0.021109702235010845,0.6603539862300459,0.3185363115349738
41.60672374511951,58978,0.021072087202157624,0.6604238740063524,0.3185040387915383
41.616032881695105,59149,0.021064150946220588,0.6603491103959266,0.3185867386578969
41.625800847794096,59236,0.021056814686392072,0.6603012198677111,0.318641965445857
41.635412820907675,59362,0.02101456536661417,0.6602485937780643,0.31873684085535164
41.64683972691694,59572,0.021016383095779252,0.66022679602326,0.3187568208809943
41.65928860283053,59636,0.021000457563406294,0.6602920860613719,0.3187074563752325
41.66944667378455,59821,0.02094640675834899,0.6602149954234828,0.31883859781810847
41.68054696385051,59880,0.020965088963071837,0.6602173616890846,0.3188175493478711
41.69263087311097,60016,0.02093028647549487,0.6601724271481862,0.3188972863762929
41.70192144372236,60134,0.020884288505841588,0.6601403736624607,0.3189753378317643
41.71352920991784,60253,0.020862519286614718,0.6601481492090295,0.3189893315043333
41.723166350916394,60353,0.020850201513751238,0.6601367873076658,0.3190130111786177
41.73427563245885,60492,0.02084011794436204,0.6600981961270417,0.3190616859286098
41.74373108327443,60640,0.020863507085929333,0.6600163905827194,0.31912010233132326
41.75635559596053,60734,0.020960713689918843,0.6599819776898295,0.3190573086202389
41.766854530427366,60898,0.020954737921537122,0.6599804125358766,0.3190648495425646
41.7783460755057,60997,0.020929356094892618,0.6599921181905453,0.3190785257145996
41.7901811621451,61177,0.02100791638235501,0.6598871553487378,0.319104928268889
41.80125487261111,61260,0.021026725240483313,0.6598717304431448,0.3191015443163915
41.809926157548624,61377,0.02101148638423448,0.6598550014751314,0.3191335121406275
41.82045950009489,61504,0.021028581810053012,0.6597950150459724,0.31917640314396045
41.83076850790108,61704,0.021026128635391345,0.6598196182114681,0.3191542531531614
41.840513168726325,61824,0.02100956144926945,0.659807712541039,0.3191827260096838
41.85106640340922,61939,0.02105835773723988,0.6597231894344108,0.3192184528284032
41.859977324322074,62166,0.02104671525821218,0.6596117736524892,0.3193415110893129
41.870045823498614,62240,0.021089581514842092,0.6595638987638242,0.3193465197212985
41.878836038219575,62344,0.021086855133709188,0.65956813673736,0.3193450081288881
41.88800690164341,62488,0.02097498816418614,0.6596187990230072,0.3194062128127827
41.90058518061767,62630,0.021055782034695575,0.6595426856723794,0.3194015322929399
41.91099458439184,62716,0.02109693741679302,0.6594976763103403,0.31940538627286647
41.91889913848482,62915,0.021048816024949533,0.659432543824837,0.3195186401502593
41.928144821120384,63106,0.02102190670458479,0.6594682442993274,0.3195098489960667
41.93897988789542,63285,0.020978127271112392,0.6595275221412924,0.319494350587632
41.94875088672044,63446,0.021006205173567914,0.6595714907582101,0.31942230406824307
41.957395643120186,63548,0.020948156335842263,0.6595844516148089,0.3194673920493457
