time,total_patches,W_0,W_1,W_2
0.0,100,0.0,0.0,0.0
1.0005037477317713,88,0.1476636303126533,0.3742872636575224,0.4780491060298248
2.03324425347382,92,0.06832634556322098,0.35419842896136483,0.5774752254754133
5.006113335250629,114,0.025214515495430474,0.34889882683706486,0.625886657667505
6.293601778733861,136,0.019105319693157135,0.30174662390662504,0.6791480564002177
10.034494141424476,210,0.01800461900709131,0.2871261323285522,0.6948692486643564
10.814292793300933,256,0.02066246174180736,0.29093428925414627,0.6884032490040447
13.35793366276685,385,0.02329309233920341,0.27496480047461785,0.7017421071861811
15.090388921821532,520,0.018926185589170613,0.2770293277282845,0.7040444866825453
16.681280571948555,627,0.017642882170983507,0.2734848671471249,0.7088722506818881
18.041185495809124,785,0.013650730451509727,0.28093110506955093,0.7054181644789402
18.721120673968315,957,0.016161608840745106,0.2891584243364744,0.6946799668227753
19.456086338489914,1066,0.02106513323819612,0.28592872031045147,0.6930061464513704
20.002381440365482,1131,0.020189215608181536,0.2856747191623533,0.6941360652294501
20.15182110797706,1133,0.02001403899389968,0.28740665485003214,0.6925793061560587
20.70208127188969,1370,0.021762023191880375,0.287797051875494,0.690440924932632
21.251010408027984,1479,0.024158706438110425,0.29114074682543933,0.6847005467364525
21.745310456292724,1547,0.020970503561663616,0.2922613943208888,0.6867681021174438
22.258167655126652,1641,0.01954230615969329,0.2918238445779578,0.6886338492623469
22.784310582011706,1810,0.0179093674571988,0.2952957054096282,0.6867949271331734
23.190864968427505,1945,0.01553601006946132,0.3009440368506646,0.6835199530798726
23.565188085221173,2060,0.014088995864837018,0.29901302319690437,0.6868979809382639
23.916774288730807,2229,0.015343237584482748,0.29632381123604273,0.6883329511794742
24.270109814506316,2254,0.015536117758597777,0.2990816723671158,0.685382209874289
24.628238620244627,2354,0.01593515681630153,0.30174051366206145,0.6823243295216349
24.967836455028273,2435,0.015281771497831229,0.30202012106495385,0.6826981074372189
25.279315995610943,2577,0.013907509274359612,0.3003388164654853,0.6857536742601559
25.60924216426199,2670,0.013410853951959942,0.302373697209764,0.6842154488382742
25.954390763522,2768,0.013748499043750544,0.30066202629610245,0.6855894746601485
26.251560236330484,2917,0.013138565605073349,0.3006118131182404,0.6862496212766784
26.54360416166517,3169,0.013572864460791567,0.2994172882859241,0.6870098472532781
26.77057082872553,3342,0.01371319440151016,0.29876640362103746,0.6875204019774556
27.014416397563725,3518,0.013598566892718615,0.2983687544333816,0.6880326786739032
27.225815268450543,3570,0.013785582274519533,0.29771406484263996,0.6885003528828335
27.4607529207254,3638,0.013777340904560679,0.29823177799687395,0.6879908810985584
27.69791752322886,3739,0.013919709043005692,0.29772808593305117,0.6883522050239261
27.954136470444613,3962,0.013478435192043753,0.29740385212101256,0.6891177126869442
28.15491064644467,4135,0.013598093822866931,0.2963816512440713,0.6900202549330641
28.33878251414518,4226,0.013804728665967563,0.29583016349083996,0.6903651078431832
28.525575728307192,4418,0.01394954777314448,0.2951120394697488,0.6909384127571047
28.711490793974356,4455,0.013912311010385507,0.296656772144881,0.689430916844732
28.892295113961364,4589,0.01356357704146289,0.2974769233375268,0.6889594996210138
29.06624190009647,4789,0.013872370172991165,0.2965902739405288,0.6895373558864801
29.23916869349076,4914,0.013924489673838072,0.2960316830974778,0.6900438272286714
29.38228854291418,4996,0.014087208819889974,0.2951502926348237,0.6907624985452955
29.568045737221286,5117,0.014617893216300944,0.2962342109517636,0.6891478958319348
29.704074591432903,5229,0.013813832475133741,0.29581151482517537,0.690374652699691
29.85042634292292,5381,0.013920647921929442,0.29551548371989156,0.6905638683581814
30.02213316779798,5566,0.014494075816180504,0.2949873960292634,0.6905185281545474
30.130324357678468,5740,0.013895230987089523,0.2943888891345886,0.6917158798783166
30.282601994382485,5791,0.0140993675495272,0.29545132817077757,0.6904493042797031
30.430408866724303,5866,0.013822312057619858,0.2954231236346992,0.6907545643076739
30.556999767984152,5968,0.013721373446774586,0.2947498018328031,0.6915288247204268
30.702072452596727,6001,0.013616808274216664,0.2952360555595499,0.6911471361662288
30.816476380752082,6132,0.013063798543547578,0.2954972712432176,0.6914389302132242
30.9416161798064,6390,0.013305456332848199,0.2941788219988781,0.6925157216682725
31.046643738167212,6498,0.013174278879692951,0.29327539432929184,0.6935503267910128
31.18458732734833,6617,0.013475722209723469,0.29343476914776706,0.6930895086425137
31.32870692305219,6656,0.013620423329034867,0.2943344976503438,0.6920450790206284
31.45524889554509,6733,0.013349201401914085,0.294400716188336,0.6922500824097603
31.562675977801277,6871,0.013194912968028502,0.29262297279455,0.6941821142374217
31.67175231815177,6955,0.013029692649980537,0.2927273262949911,0.6942429810550188
31.784787981916068,7128,0.012726037537085726,0.2927199700056685,0.6945539924572549
31.888373080498347,7352,0.012718821896561263,0.2919299688191214,0.6953512092843062
32.01431838102687,7494,0.01286426544057005,0.292316790985411,0.6948189435740266
32.10740489641599,7583,0.012988667901659357,0.291586411180737,0.6954249209175992
32.21380952144868,7675,0.012953031685413946,0.2916397076879807,0.6954072606266257
32.331969463265686,7752,0.013213049879245488,0.29180181373693737,0.6949851363838033
32.44678602717749,7914,0.01315666201086543,0.29220016580984354,0.6946431721792894
32.55152955181226,8174,0.01311685076558263,0.29212465714672503,0.6947584920876851
32.64296504202593,8246,0.013045989996268003,0.2924250271987171,0.6945289828050115
32.746332280577036,8495,0.013406471359187395,0.2924066224445324,0.6941869061962576
32.84369225698873,8603,0.013797419313591786,0.2920325219534179,0.6941700587329729
32.94051678281702,8610,0.013756022025584524,0.2929046587606406,0.6933393192137809
33.02770792015293,8797,0.013874203657218129,0.29207143345826486,0.6940543628845406
33.12005523619552,8856,0.01392272693220807,0.2921042159901349,0.6939730570776426
33.206685715310044,9033,0.014196629640005476,0.2914455008077623,0.6943578695522432
33.2941139814774,9131,0.01442016015739683,0.29108049856199586,0.6944993412806394
33.38070394494608,9229,0.013899414009218432,0.2912666569909323,0.6948339289998475
33.46264832702219,9362,0.013691658428148724,0.291098084797022,0.6952102567748106
33.53903428545135,9457,0.013284011136113837,0.290661451049894,0.6960545378139831
33.61919535666113,9555,0.012935057969678664,0.29026413500940534,0.6968008070209215
33.71216031246703,9668,0.013022267642993189,0.2902201383368814,0.6967575940201514
33.80550552378879,9754,0.012716927914387402,0.29057558339208595,0.6967074886935257
33.88463511699142,9850,0.012546070982621633,0.2906521836612691,0.6968017453560947
33.98412673861614,10088,0.012439752687127303,0.29052498277687344,0.6970352645360003
34.0771843440358,10267,0.012802803871518864,0.28989402090317773,0.6973031752253105
34.173048586795154,10377,0.01320036081399857,0.2896423870067147,0.6971572521792758
34.24771489871989,10518,0.013425264674347766,0.289188558278459,0.6973861770471876
34.31017186648447,10655,0.013098378387874652,0.28916352830776904,0.6977380933043602
34.38102629221151,10852,0.013079314247251433,0.289485742273678,0.6974349434790563
34.458834545821524,10860,0.013020146507082402,0.2900182643813329,0.6969615891115776
34.539216229055626,10933,0.0130623844467323,0.290111788166075,0.6968258273871857
34.61633643992084,11058,0.013112081905767832,0.2900762946779023,0.6968116234163194
34.696064400432384,11122,0.012942849506638151,0.2904859892561296,0.6965711612372294
34.779855822014966,11295,0.013052340829029114,0.28963951212276334,0.6973081470482188
34.863897261248525,11613,0.013177151731273809,0.28952842040682136,0.6972944278619017
34.92841102524725,11708,0.013126588466133992,0.2895456927903547,0.697327718743505
35.0032984140563,11780,0.01320382756354511,0.289698975252475,0.6970971971839846
35.06937669786418,11978,0.013349045887644757,0.2889337900193396,0.6977171640930224
35.15435710311246,12068,0.013411057187471877,0.28930024150891215,0.6972887013036262
35.229433432293504,12187,0.01343819313430719,0.28939699260474566,0.6971648142609281
35.312514185291576,12370,0.013892966770263537,0.28930331687818084,0.6968037163515605
35.37242047707166,12570,0.013870866291237837,0.28943762520039074,0.6966915085083762
35.429143229779726,12722,0.013781323181277281,0.2893393596633536,0.6968793171553666
35.49641038661137,12922,0.013904097977838648,0.28946742070128934,0.6966284813208684
35.55848981635058,12930,0.013946590155081968,0.2901596115900222,0.6958937982548918
35.61528918957893,13038,0.013659011729961448,0.29015370011421965,0.696187288155813
35.675328776913574,13169,0.013837792634377661,0.29006049677925017,0.696101710586369
35.72526927432196,13393,0.013807199439259338,0.2893033146476126,0.69688948591313
35.79051941837247,13471,0.013864937929866357,0.289338633600677,0.696796428469463
35.84965772889106,13660,0.013907122663531965,0.28981687217519386,0.6962760051612716
35.91563824131292,13773,0.0139629227274933,0.29030634215439755,0.6957307351180974
35.97389546093,13958,0.01412221756400828,0.29009156034916084,0.6957862220868387
36.04019108787165,14012,0.014350390122653238,0.29052140946110155,0.6951282004162425
36.098739674722175,14107,0.014214263770781275,0.2908015710170886,0.6949841652121278
36.15163248629021,14182,0.014335462062932097,0.2904983166445908,0.6951662212924694
36.219643501771266,14271,0.014483083120298924,0.29061662806795546,0.6949002888117403
36.270809934498345,14465,0.014466591119886154,0.2899216535103453,0.6956117553697828
36.331327806250876,14710,0.014565769527150716,0.2902304379330406,0.6952037925398278
36.38798957282312,14707,0.014507392010460377,0.2903376776410078,0.6951549303484814
36.432542500344695,14959,0.014574532606412486,0.29046672318867195,0.6949587442049602
36.4772859482683,15093,0.014442538922285695,0.2908582669504551,0.6946991941272227
36.52564782351322,15207,0.014189804784485682,0.2912298965334692,0.6945802986820162
36.57539860925303,15437,0.014061010007590326,0.29124631701634185,0.6946926729760793
36.62637847158609,15547,0.013869362556693375,0.291647067334854,0.694483570108464
36.67797630291892,15635,0.013704956358491295,0.29209997983854,0.6941950638029661
36.73290385396265,15777,0.013688112745580065,0.2923338129842542,0.6939780742701723
36.786766791341634,15894,0.013870932680529557,0.2922844139479083,0.6938446533715599
36.841482056091486,15931,0.014021486896144669,0.2923798014423295,0.693598711661512
36.89314580956784,16147,0.014152830862637855,0.2920898012825491,0.6937573678547945
36.94323627876379,16218,0.014214452432907346,0.29184396221546133,0.693941585351635
36.991091465753854,16400,0.014336501369855896,0.29136062148557373,0.6943028771445766
37.05078465416588,16533,0.014563279465444183,0.2915037107671918,0.6939330097673602
37.10936923965768,16652,0.014708010420947234,0.2916113166383487,0.6936806729406614
37.158736829607356,16798,0.014840649873278919,0.29149333558751284,0.6936660145392036
37.20813636852941,16841,0.01471981131018753,0.29186279541284205,0.6934173932769668
37.258093517384545,17098,0.014738691708608333,0.29201485492360146,0.6932464533677781
37.31019317871983,17334,0.014784597851576261,0.29176811459872976,0.6934472875497311
37.35960680155819,17456,0.014876493290877335,0.2915751202103315,0.693548386498824
37.404570786950195,17568,0.01476605974151201,0.2915399990180495,0.6936939412404663
37.45616506716318,17747,0.014886220872106927,0.2914942686744477,0.6936195104534912
37.497481139592665,17889,0.014844623745806284,0.29138459372070097,0.6937707825335132
37.53729296014277,18041,0.0148664900720597,0.2915865935177157,0.6935469164102316
37.58659522615226,18112,0.014907525114950852,0.2916571478733368,0.6934353270117016
37.63278972167481,18158,0.014855649271536094,0.2917281283702156,0.6934162223582224
37.67578748676958,18274,0.014816407207000438,0.2919586307381937,0.6932249620548228
37.72821943051853,18300,0.014887389736034724,0.2923930776736746,0.6927195325902781
37.764285671920845,18514,0.014948759522079908,0.2919677071879702,0.6930835332899313
37.80502458812268,18582,0.014829190269947033,0.29225143625017286,0.6929193734798479
37.859035287640026,18667,0.014807705525150327,0.29224736000149043,0.6929449344733428
37.902834301044464,18740,0.014729323625298532,0.29257976768447136,0.6926909086902097
37.94265701572727,18909,0.014745277675085232,0.2921202629817605,0.6931344593431256
37.98765673429439,19057,0.014821456608315062,0.2921803612778171,0.6929981821138795
38.031793038667765,19216,0.014967506361921415,0.29203255270075956,0.6929999409372909
38.079235976090516,19348,0.015091085576058264,0.2916859894754944,0.6932229249484476
38.12372295596446,19515,0.015052828135719575,0.29177291575439374,0.6931742561098515
38.169383414528866,19612,0.015111431035817129,0.29159139706600995,0.6932971718981406
38.2132756204054,19771,0.01514602577992442,0.29163583529182185,0.6932181389282684
38.252755763348254,19903,0.015183429743867896,0.2917908515538223,0.6930257187022827
38.284974821967886,19965,0.015135672734255791,0.2917099705701283,0.6931543566956043
38.32607359979953,20031,0.015273939097427571,0.29170746514581886,0.6930185957567638
38.35668019319597,20364,0.015242196716236603,0.29176663912723305,0.6929911641565227
38.39186488179945,20461,0.015109678592604717,0.2915939259017667,0.6932963955056387
38.43160558041016,20538,0.015154075221440464,0.2916319065431859,0.6932140182353761
38.472315233953644,20623,0.015272964238680561,0.29160458476475143,0.6931224509965759
38.51189385907925,20778,0.015240886724366475,0.29145372885696197,0.6933053844186601
38.54815794662875,20864,0.015136302681547224,0.2913305752249627,0.693533122093488
38.58556269156655,21014,0.01527812132907343,0.29097486747257767,0.693747011198347
38.62466391512786,21039,0.015309392808257613,0.29124465370674896,0.6934459534849883
38.67264375562174,21104,0.015364451450446957,0.2913295905292046,0.6933059580203342
38.715868353991205,21190,0.015270270617590667,0.2913566164838468,0.6933731128985618
38.75287878375842,21270,0.015269412706005755,0.2911759598327578,0.6935546274612375
38.78934907520666,21358,0.015199325193670406,0.29137623014612396,0.6934244446601905
38.82188111633226,21492,0.014873794395807353,0.2914834552343205,0.6936427503698854
38.86041610691711,21589,0.014900722879007176,0.2911987583730827,0.6939005187479126
38.89705798349109,21781,0.0148639369055378,0.29047609888783044,0.6946599642066339
38.94267574945714,21979,0.014873530029888268,0.29062937587857207,0.6944970940915269
38.979915036924616,22105,0.014872486386140167,0.29050829291247404,0.6946192207013568
39.01753523781213,22255,0.014799635806787068,0.2905521978507639,0.6946481663424656
39.06072418893464,22539,0.014925710209831614,0.2906694419111665,0.6944048478790066
39.09754005441591,22616,0.01500401237474792,0.29078733742831747,0.6942086501969253
39.1326737015001,22791,0.01509383285621827,0.2903322893910886,0.6945738777526803
39.17341828455684,22902,0.015175409093209797,0.29053936109068773,0.6942852298160883
39.208172531272496,23035,0.015118490830919932,0.29032150409624174,0.6945600050728404
39.24087161006868,23137,0.015070664335034657,0.2902169829430273,0.6947123527219529
39.272142603604316,23248,0.015062545679824289,0.2902878764422145,0.6946495778779602
39.308238714162904,23356,0.014878287489734868,0.2905516325786724,0.6945700799315876
39.34385810448829,23452,0.014859077113034656,0.2906632713824569,0.6944776515045151
39.37992310512531,23556,0.01473958152042825,0.29087612944509694,0.6943842890344691
39.40911735555898,23573,0.014621275576247908,0.2909632324252671,0.6944154919984816
39.442372818483825,23733,0.014636049470445956,0.290963370276044,0.6944005802535013
39.473477797007796,23813,0.014477742416260066,0.2909319482165112,0.6945903093672281
39.50811207247969,23920,0.014481441028158716,0.2907280167961843,0.6947905421756525
39.54538786878745,24029,0.014466331776477855,0.29041760159269026,0.6951160666308261
39.578726445385016,24460,0.01437941355238177,0.2900879586596941,0.6955326277879152
39.60664973776241,24505,0.01423226960548682,0.29022313166374875,0.6955445987307545
39.6408328259028,24641,0.014259682509791753,0.2902144045144437,0.6955259129757548
39.6740808478265,24751,0.01428969864546549,0.28989749213376986,0.6958128092207609
39.71677163436135,25004,0.014313840359042086,0.29006859763658766,0.6956175620043725
39.75338860051685,25231,0.014349103962420048,0.2902258290713567,0.6954250669662188
39.78675131251694,25358,0.014359575713846143,0.29049288269906043,0.6951475415870968
39.82348418912761,25445,0.014462179386177651,0.29047241347436986,0.6950654071394358
39.85583588771932,25533,0.014499262526977145,0.2904744724821912,0.6950262649908422
39.88728749502604,25708,0.014408051612537347,0.2906202431446388,0.6949717052428248
39.9181850545829,25922,0.01432275005106655,0.290691221614254,0.6949860283346939
